manual_1 [686, 1159] [14, 8]
-29.74488129694222

auto_1 [703, 623] [-41, 46]
-131.71075732150817

manual_2 [663, 708] [-65, -67]
134.13194855025446

auto_2 [1279, 1258] [86, 7]
-4.653351587268386

object_1 [559, 1058] [32, 90]
-70.42687416958981

object_2 [66, 206] [2, -31]
86.30861401354873

object_3 [1008, 1472] [49, -66]
53.408911732600714

object_4 [96, 115] [-78, -79]
134.63506366426938

object_5 [277, 500] [-62, -34]
151.26020470831196

object_6 [1471, 290] [14, -41]
71.1468412355809

object_7 [491, 1371] [10, 33]
-73.14160123226172

object_8 [1297, 1365] [-70, -39]
150.8759465052226

object_9 [1033, 554] [66, -18]
15.255118703057777

object_10 [947, 117] [-5, -84]
93.40644375499473

object_11 [439, 153] [-26, -74]
109.35899417569473

object_12 [1352, 180] [-75, -17]
167.22875743509857

object_13 [424, 600] [52, -69]
52.99747347180383

object_14 [679, 1093] [12, 11]
-42.510447078000844

object_15 [911, 417] [87, -47]
28.37924308610794

object_16 [678, 189] [-54, 27]
-153.434948822922

object_17 [653, 704] [36, -81]
66.03751102542182

object_18 [513, 999] [-25, -17]
145.7842978675626

object_19 [892, 291] [-27, 14]
-152.5924245621816

object_20 [126, 479] [66, -76]
49.028263666485145

object_21 [871, 916] [-80, 66]
-140.47736872882888

object_22 [1010, 385] [-31, 39]
-128.48019824834302

object_23 [358, 80] [86, 65]
-37.08249696517166

object_24 [1284, 1298] [-17, -8]
154.79887635452494

manual_1 [741, 1002] [38, -49]
52.20605700138327

auto_1 [979, 727] [75, -53]
35.24757505834622

manual_2 [15, 850] [-47, 18]
-159.04422326936782

auto_2 [66, 54] [76, -71]
43.05191499348505

object_1 [14, 786] [-41, -42]
134.30972280213493

object_2 [594, 196] [-20, -74]
105.12400730831057

object_3 [195, 469] [-19, 86]
-102.4582464400049

object_4 [112, 1160] [-5, 59]
-94.84400037508068

object_5 [245, 821] [-30, 43]
-124.90249561592474

object_6 [559, 413] [63, -11]
9.904183212973878

object_7 [680, 587] [-33, 20]
-148.7815972356536

object_8 [1294, 474] [58, 38]
-33.231711067979354

object_9 [807, 1122] [-34, -74]
114.67686317033706

object_10 [1070, 1123] [45, 77]
-59.697319279511916

object_11 [349, 1342] [69, -20]
16.16449915225692

object_12 [51, 61] [-10, 40]
-104.03624346792648

object_13 [583, 572] [1, 78]
-89.26547896574519

object_14 [641, 153] [79, -81]
45.71615994547041

object_15 [809, 769] [-67, -22]
161.8219812015815

object_16 [321, 1096] [54, 20]
-20.323136829662943

object_17 [1419, 1015] [74, -16]
12.200468727380784

object_18 [264, 753] [-70, 37]
-152.14034930475773

object_19 [1051, 338] [-53, -65]
129.19327309446842

object_20 [1365, 965] [71, -2]
1.6135389328811822

object_21 [1182, 1107] [-1, -5]
101.30993247402021

object_22 [1396, 1212] [-29, -48]
121.13897243697885

object_23 [257, 328] [70, -27]
21.0923395058275

object_24 [1071, 1305] [-31, -75]
112.45693899994212

manual_1 [600, 301] [16, -90]
79.91940201245768

auto_1 [809, 33] [12, -69]
80.13419305691563

manual_2 [351, 860] [-43, -83]
117.38742215707619

auto_2 [550, 1461] [-25, 6]
-166.5042667192042

object_1 [1246, 142] [-11, -88]
97.1250163489018

object_2 [510, 111] [-78, -16]
168.40782458970895

object_3 [724, 960] [79, -44]
29.116146266078925

object_4 [262, 768] [-85, -19]
167.39984017391933

object_5 [845, 965] [-86, -26]
163.17859010995917

object_6 [486, 1015] [60, 63]
-46.39718102729638

object_7 [1172, 376] [76, 28]
-20.224859431168078

object_8 [197, 703] [7, -67]
84.03551289874689

object_9 [541, 390] [11, -63]
80.09581678702612

object_10 [938, 148] [-46, 21]
-155.4622715234222

object_11 [273, 151] [-23, 77]
-106.63095370672143

object_12 [1345, 834] [-45, 23]
-152.92791976200724

object_13 [222, 321] [20, 79]
-75.79323388223963

object_14 [812, 1457] [-20, 22]
-132.27368900609375

object_15 [91, 580] [-34, 33]
-135.85509739626673

object_16 [1237, 1481] [-2, 62]
-91.8476102659946

object_17 [1296, 1076] [-38, -14]
159.77514056883192

object_18 [669, 781] [-62, 70]
-131.53177074108288

object_19 [783, 793] [14, -49]
74.05460409907715

object_20 [100, 63] [21, -36]
59.743562836470744

object_21 [501, 1380] [-47, -38]
141.04409216224113

object_22 [222, 1156] [75, -88]
49.559950087411835

object_23 [503, 1327] [20, 84]
-76.6075022462489

object_24 [1479, 163] [25, -61]
67.71441235316725

manual_1 [1392, 350] [35, 87]
-68.08513367280827

auto_1 [1098, 243] [-44, -14]
162.34987578006988

manual_2 [221, 1301] [88, -31]
19.405970754001178

auto_2 [1430, 11] [-2, -39]
92.93567344642118

object_1 [427, 979] [87, -86]
44.66881421158462

object_2 [311, 421] [-79, 35]
-156.10483858492964

object_3 [1370, 644] [72, -66]
42.510447078000844

object_4 [1193, 1394] [31, -2]
3.6913859864512757

object_5 [275, 1280] [45, 15]
-18.43494882292201

object_6 [908, 96] [-88, 78]
-138.4473868518652

object_7 [908, 938] [43, 77]
-60.81919394750014

object_8 [205, 385] [-38, -18]
154.65382405805332

object_9 [944, 754] [79, -1]
0.725224299059252

object_10 [1143, 547] [85, -33]
21.21796957677863

object_11 [803, 1270] [-73, -29]
158.33404127670977

object_12 [684, 453] [-89, 57]
-147.3624924157143

object_13 [1447, 665] [-1, 20]
-92.86240522611175

object_14 [146, 687] [-4, -55]
94.15964229371264

object_15 [859, 786] [-14, 83]
-99.57422788509183

object_16 [7, 1413] [-55, 18]
-161.87813975209863

object_17 [1175, 473] [46, -59]
52.05784664988108

object_18 [324, 484] [9, 25]
-70.20112364547508

object_19 [890, 614] [67, 26]
-21.209226134222803

object_20 [1224, 438] [-7, -17]
112.38013505195958

object_21 [892, 1287] [-3, -82]
92.09525256462385

object_22 [803, 658] [86, 33]
-20.992853373114194

object_23 [364, 942] [-76, 50]
-146.659292653523

object_24 [298, 304] [71, -25]
19.397812448558224

manual_1 [758, 1076] [-25, 80]
-107.35402463626133

auto_1 [548, 1453] [26, 85]
-72.99205304459268

manual_2 [348, 369] [16, -71]
77.30041551040264

auto_2 [147, 1007] [-51, -12]
166.75948008481282

object_1 [1449, 22] [45, 75]
-59.03624346792648

object_2 [956, 468] [69, -50]
35.92850242282284

object_3 [674, 144] [-70, -45]
147.2647737278924

object_4 [909, 880] [-13, -88]
98.40337109056082

object_5 [830, 810] [-19, 61]
-107.30052719194501

object_6 [337, 952] [82, 62]
-37.09283729704154

object_7 [374, 124] [68, -73]
47.03091423685311

object_8 [1282, 1] [-14, 56]
-104.03624346792648

object_9 [1360, 1182] [10, -45]
77.47119229084849

object_10 [755, 1437] [-24, -5]
168.23171106797935

object_11 [870, 572] [-82, 25]
-163.0446869479748

object_12 [1338, 1474] [11, 4]
-19.98310652189998

object_13 [242, 366] [50, 47]
-43.22853025996592

object_14 [260, 735] [31, -7]
12.724355685422369

object_15 [667, 82] [-81, 25]
-162.84757825978818

object_16 [103, 220] [60, 84]
-54.46232220802562

object_17 [1180, 5] [62, 73]
-49.65825410967562

object_18 [213, 81] [-18, 80]
-102.68038349181982

object_19 [286, 509] [-80, 59]
-143.59122543222765

object_20 [536, 1147] [-46, 32]
-145.1755108430432

object_21 [1448, 500] [-90, -33]
159.86369657175186

object_22 [1292, 792] [-10, -63]
99.01932243138168

object_23 [1123, 992] [1, 15]
-86.18592516570965

object_24 [1172, 483] [-10, 53]
-100.68491240000272

manual_1 [658, 1403] [-38, 73]
-117.49913873104715

auto_1 [595, 1052] [-58, -38]
146.76828893202065

manual_2 [590, 862] [-33, 19]
-150.06848815949223

auto_2 [718, 421] [-80, 18]
-167.3196165081802

object_1 [527, 705] [-19, -18]
136.54815769897797

object_2 [572, 872] [14, 56]
-75.96375653207353

object_3 [311, 856] [73, -60]
39.41739424346893

object_4 [371, 390] [83, 4]
-2.7591076586202736

object_5 [794, 1189] [30, -68]
66.19405648154229

object_6 [648, 817] [-6, 18]
-108.43494882292202

object_7 [834, 1434] [16, -75]
77.95742485711503

object_8 [1329, 24] [7, 20]
-70.70995378081128

object_9 [1192, 92] [22, 62]
-70.4633450618716

object_10 [1118, 1430] [-49, 84]
-120.25643716352927

object_11 [1365, 723] [-24, -55]
113.57470620191262

object_12 [1264, 124] [19, -67]
74.1676133795778

object_13 [113, 495] [37, 55]
-56.07020257793936

object_14 [332, 952] [0, -82]
90.0

object_15 [530, 277] [40, 27]
-34.01934998982646

object_16 [182, 1401] [22, 68]
-72.07208023799276

object_17 [704, 1112] [9, 90]
-84.28940686250037

object_18 [794, 817] [27, 52]
-62.560272051800695

object_19 [110, 234] [-47, 75]
-122.07400087529405

object_20 [1311, 692] [60, 25]
-22.619864948040426

object_21 [1142, 261] [-56, 84]
-123.69006752597979

object_22 [1052, 410] [-2, -61]
91.87787744728536

object_23 [109, 507] [-57, -71]
128.75808565258495

object_24 [199, 1135] [46, 3]
-3.7313969991604465

manual_1 [118, 770] [-13, 17]
-127.40535663140857

auto_1 [838, 289] [-7, 70]
-95.71059313749964

manual_2 [379, 1310] [86, 38]
-23.838740183171723

auto_2 [832, 463] [16, -29]
61.1134182330893

object_1 [5, 1189] [64, 41]
-32.64464013491648

object_2 [822, 1411] [37, 65]
-60.35013649242442

object_3 [435, 1348] [-28, -63]
113.96248897457819

object_4 [1178, 566] [-86, -17]
168.8182457898033

object_5 [66, 466] [48, 52]
-47.290610042638534

object_6 [461, 541] [-59, 15]
-165.7354877019201

object_7 [978, 277] [36, 25]
-34.77783136636388

object_8 [609, 925] [15, -56]
75.00492087082402

object_9 [751, 485] [18, 64]
-74.29136217098426

object_10 [123, 15] [-41, -85]
115.75047412731828

object_11 [368, 534] [36, 6]
-9.462322208025617

object_12 [330, 1255] [-82, -84]
134.30972280213493

object_13 [1381, 223] [75, -60]
38.65980825409009

object_14 [799, 1008] [76, -42]
28.926425835253614

object_15 [543, 363] [90, -43]
25.53743439063632

object_16 [1499, 875] [-10, -33]
106.85839876773828

object_17 [1203, 603] [-31, -57]
118.53998518795997

object_18 [1489, 327] [53, 66]
-51.23448009554123

object_19 [1173, 1178] [-83, 34]
-157.72410215174102

object_20 [773, 649] [-7, -15]
115.01689347810004

object_21 [1016, 197] [-22, 19]
-139.1849161251184

object_22 [1187, 569] [90, 46]
-27.072080237992765

object_23 [40, 559] [49, 50]
-45.57872556560776

object_24 [1401, 1017] [-1, -51]
91.12330271407544

manual_1 [1220, 466] [-11, -10]
137.72631099390625

auto_1 [1211, 1137] [49, -71]
55.38885781546961

manual_2 [227, 906] [-72, 45]
-147.9946167919165

auto_2 [664, 582] [14, 4]
-15.945395900922854

object_1 [740, 1024] [-79, -24]
163.10135130596177

object_2 [428, 63] [-68, -75]
132.19754848013324

object_3 [1093, 38] [22, 77]
-74.05460409907715

object_4 [1463, 309] [32, -79]
67.94893728092327

object_5 [438, 1352] [-29, 86]
-108.6345848774464

object_6 [41, 663] [-90, 67]
-143.33436451735784

object_7 [1060, 1127] [-29, -34]
130.46222749209338

object_8 [82, 925] [-63, 23]
-159.94390526342457

object_9 [1311, 788] [-52, -33]
147.60015982608067

object_10 [247, 868] [-58, -54]
137.04540848888723

object_11 [1300, 814] [-2, 81]
-91.41442321140215

object_12 [809, 1311] [-5, -87]
93.28924267849183

object_13 [484, 996] [-51, 54]
-133.36342295838327

object_14 [1030, 1397] [69, 76]
-47.76385737091256

object_15 [748, 938] [-19, -68]
105.61098853367966

object_16 [527, 992] [22, 13]
-30.579226872489016

object_17 [203, 303] [-75, -32]
156.8936731417284

object_18 [1268, 1284] [0, -5]
90.0

object_19 [44, 564] [5, 16]
-72.64597536373867

object_20 [13, 120] [-17, 32]
-117.97947438848014

object_21 [446, 522] [87, -1]
0.658543177563603

object_22 [689, 165] [-8, -9]
131.63353933657018

object_23 [687, 620] [-27, -38]
125.39479584498706

object_24 [984, 216] [-18, 31]
-120.14138555207535

manual_1 [557, 362] [34, 28]
-39.472459848343824

auto_1 [641, 545] [63, -41]
33.05582281155367

manual_2 [1412, 644] [-66, -4]
176.53177074108288

auto_2 [495, 1366] [-28, -25]
138.23970029610214

object_1 [823, 566] [80, -61]
37.32552048310607

object_2 [169, 510] [-20, -54]
110.32313682966294

object_3 [544, 999] [46, 24]
-27.5528115767178

object_4 [182, 1369] [81, -27]
18.43494882292201

object_5 [916, 227] [-50, -57]
131.25701170431284

object_6 [167, 7] [-9, -11]
129.28940686250036

object_7 [410, 754] [-77, 33]
-156.80140948635182

object_8 [1208, 763] [71, 61]
-40.66768601681149

object_9 [1473, 1473] [-51, 22]
-156.66595872329023

object_10 [166, 1268] [-46, 21]
-155.4622715234222

object_11 [1422, 268] [35, -69]
63.10376303450663

object_12 [1148, 319] [-11, 32]
-108.97040780848656

object_13 [506, 291] [57, -89]
57.362492415714314

object_14 [1159, 157] [67, -76]
48.60127811722344

object_15 [1184, 468] [4, -21]
79.2157021324374

object_16 [1020, 249] [47, 39]
-39.68545433005525

object_17 [1268, 875] [-24, -40]
120.96375653207352

object_18 [82, 733] [59, 67]
-48.63295073948821

object_19 [1022, 1472] [82, -49]
30.8608916883495

object_20 [639, 797] [-36, 79]
-114.49857419143376

object_21 [1093, 932] [75, -78]
46.12330271407543

object_22 [848, 457] [-34, 73]
-114.97391090588341

object_23 [1281, 1192] [31, 83]
-69.51964268819076

object_24 [1191, 328] [-86, -82]
136.3639275316029

manual_1 [201, 1011] [63, 2]
-1.8183029644518336

auto_1 [302, 1331] [-38, 80]
-115.40771810894849

manual_2 [577, 105] [41, 59]
-55.203973721731685

auto_2 [969, 523] [-85, -37]
156.47679097954037

object_1 [1439, 623] [25, -76]
71.79151552941917

object_2 [177, 255] [-37, -9]
166.32869286780416

object_3 [985, 1122] [62, -74]
50.042451069170916

object_4 [422, 141] [-83, 23]
-164.51149855709033

object_5 [658, 39] [-32, -88]
109.98310652189998

object_6 [1376, 1403] [14, 38]
-69.77514056883192

object_7 [721, 179] [64, 74]
-49.1446237411043

object_8 [1204, 191] [-50, -70]
125.53767779197437

object_9 [590, 1066] [-29, 21]
-144.09027692082233

object_10 [621, 1132] [-38, 28]
-143.61564818416412

object_11 [1000, 142] [87, 67]
-37.600405340112886

object_12 [117, 736] [71, -69]
44.181544538311385

object_13 [1252, 513] [-21, -32]
123.27488798483492

object_14 [63, 839] [-39, -67]
120.20323775494265

object_15 [659, 450] [-16, 70]
-102.87500155961249

object_16 [1400, 603] [-42, -7]
170.53767779197437

object_17 [1114, 834] [-76, 78]
-134.2559407971113

object_18 [637, 520] [-62, 48]
-142.25319461272534

object_19 [1061, 1431] [-39, 11]
-164.24882633654698

object_20 [1083, 646] [-15, 40]
-110.55604521958347

object_21 [1415, 553] [44, 84]
-62.35402463626132

object_22 [1355, 214] [-59, -48]
140.86960044301472

object_23 [600, 907] [83, -35]
22.864508121899647

object_24 [88, 998] [-17, 45]
-110.69545073406329

manual_1 [600, 891] [64, 27]
-22.873665190626713

auto_1 [281, 717] [-49, 38]
-142.20605700138327

manual_2 [392, 676] [75, -44]
30.398727714166064

auto_2 [1446, 1001] [-65, 7]
-173.85337434035333

object_1 [785, 1480] [19, -43]
66.16125981682828

object_2 [479, 1137] [35, -78]
65.83337015701451

object_3 [10, 810] [-28, -33]
130.3141001604973

object_4 [659, 518] [6, -64]
84.64417495714481

object_5 [1369, 450] [7, 11]
-57.52880770915151

object_6 [424, 1192] [12, 10]
-39.80557109226519

object_7 [41, 671] [78, 11]
-8.027237510431954

object_8 [545, 524] [66, 53]
-38.76551990445877

object_9 [944, 267] [74, -14]
10.713123022791036

object_10 [870, 1280] [-13, 39]
-108.43494882292202

object_11 [1114, 564] [-48, 22]
-155.3764352138364

object_12 [1132, 1455] [-63, -19]
163.2173558547293

object_13 [921, 311] [73, 77]
-46.52752544221293

object_14 [207, 926] [22, 79]
-74.43848967467152

object_15 [640, 166] [-72, 23]
-162.28420729362307

object_16 [1018, 1342] [-66, 86]
-127.50414236027015

object_17 [1251, 1255] [56, 14]
-14.036243467926479

object_18 [298, 1410] [4, 88]
-87.39743779750019

object_19 [954, 277] [65, -7]
6.14662565964667

object_20 [601, 1215] [-70, 19]
-164.81416273779868

object_21 [658, 362] [-18, -7]
158.74949449286677

object_22 [87, 861] [-23, -68]
108.68735150521117

object_23 [27, 1285] [-16, 47]
-108.79988515865266

object_24 [38, 1067] [-87, 1]
-179.3414568224364

manual_1 [578, 303] [-16, -24]
123.69006752597979

auto_1 [60, 1055] [-41, 51]
-128.79655209830818

manual_2 [138, 97] [-84, 86]
-134.32596310201552

auto_2 [1326, 441] [-88, -6]
176.09950625761812

object_1 [1403, 503] [-32, 6]
-169.38034472384487

object_2 [799, 1048] [80, -33]
22.416147479343643

object_3 [1252, 84] [87, -49]
29.389011466320344

object_4 [538, 462] [38, -38]
45.0

object_5 [823, 645] [44, 13]
-16.460014812040036

object_6 [1278, 1370] [-32, -54]
120.65066795705286

object_7 [716, 334] [34, -74]
65.32313682966294

object_8 [854, 250] [-35, 16]
-155.43282867939868

object_9 [397, 374] [56, 75]
-53.252529047136086

object_10 [929, 1101] [-26, -23]
138.50353164478446

object_11 [1364, 514] [56, 6]
-6.115503566285407

object_12 [1247, 136] [-44, -13]
163.53998518795996

object_13 [117, 505] [36, 8]
-12.528807709151511

object_14 [696, 1125] [16, -46]
70.82099197418928

object_15 [438, 613] [-6, -60]
95.71059313749964

object_16 [1076, 1279] [61, 75]
-50.877392606643134

object_17 [1324, 781] [56, -32]
29.74488129694222

object_18 [355, 464] [-56, 37]
-146.54669054592733

object_19 [55, 93] [81, 43]
-27.96223220437437

object_20 [495, 322] [78, 59]
-37.10423490570622

object_21 [447, 977] [43, -51]
49.864514437760526

object_22 [1108, 45] [-47, 65]
-125.86982351772133

object_23 [1431, 1157] [81, -64]
38.31309067381764

object_24 [537, 661] [-45, 40]
-138.3664606634298

manual_1 [137, 844] [-15, -71]
101.92932217723833

auto_1 [127, 1227] [82, -74]
42.06432655357883

manual_2 [325, 1413] [46, -55]
50.09211512449896

auto_2 [527, 1322] [80, -22]
15.376251248826188

object_1 [1267, 1204] [59, 21]
-19.59228189105153

object_2 [280, 771] [34, 90]
-69.30454926593673

object_3 [28, 285] [-26, 40]
-123.02386755579664

object_4 [1125, 937] [18, -41]
66.29735404903377

object_5 [288, 997] [26, -68]
69.07549825507883

object_6 [610, 214] [-45, -1]
178.7269699799433

object_7 [237, 140] [60, -71]
49.7998361139047

object_8 [1084, 1054] [-22, -33]
123.69006752597979

object_9 [199, 424] [-60, -32]
151.92751306414706

object_10 [209, 611] [49, 43]
-41.268603000839555

object_11 [1252, 833] [-54, 44]
-140.82634202955578

object_12 [403, 480] [85, -19]
12.600159826080674

object_13 [691, 644] [16, -45]
70.42687416958981

object_14 [994, 186] [-65, -20]
162.89727103094762

object_15 [229, 1450] [-6, 44]
-97.76516601842535

object_16 [1174, 1467] [-22, 6]
-164.74488129694222

object_17 [138, 325] [-55, -13]
166.70142966950573

object_18 [1400, 550] [15, -76]
78.83511982245142

object_19 [547, 1414] [66, 34]
-27.25532837494307

object_20 [873, 1405] [-27, 60]
-114.22774531795417

object_21 [1482, 688] [-61, -11]
169.7778313663639

object_22 [716, 856] [-55, 71]
-127.76307797403199

object_23 [38, 538] [75, 33]
-23.74949449286676

object_24 [1248, 124] [21, -73]
73.9509952074668

manual_1 [945, 156] [-45, 43]
-136.30195267257886

auto_1 [1198, 1113] [-47, 81]
-120.1243179983612

manual_2 [10, 323] [-33, -71]
114.92847413546127

auto_2 [254, 549] [28, -80]
70.70995378081128

object_1 [542, 533] [31, 55]
-60.59281093926635

object_2 [953, 114] [-56, 89]
-122.17865620660109

object_3 [230, 713] [89, -52]
30.29644817623844

object_4 [935, 393] [4, 48]
-85.23635830927383

object_5 [1272, 1007] [69, -80]
49.22223020614269

object_6 [183, 923] [67, 34]
-26.906093455936844

object_7 [1184, 146] [-59, -59]
135.0

object_8 [188, 502] [-4, -60]
93.81407483429037

object_9 [1051, 808] [79, -12]
8.637131415070755

object_10 [1066, 1201] [58, 33]
-29.638383688151343

object_11 [66, 844] [-42, -53]
128.39516450324604

object_12 [923, 338] [-29, -73]
111.66595872329023

object_13 [1019, 1207] [-38, 65]
-120.31121322668163

object_14 [480, 1405] [33, 18]
-28.61045966596522

object_15 [679, 41] [41, 5]
-6.952957468173915

object_16 [673, 66] [-43, 56]
-127.51911382047633

object_17 [1387, 295] [52, -61]
49.55376797915863

object_18 [971, 64] [27, -1]
2.1210963966614536

object_19 [999, 437] [40, -60]
56.309932474020215

object_20 [51, 736] [0, 6]
-90.0

object_21 [1383, 41] [71, -29]
22.21759426951831

object_22 [1386, 79] [16, 36]
-66.03751102542182

object_23 [117, 445] [22, 63]
-70.75047412731827

object_24 [1126, 521] [73, -48]
33.326289687115214

manual_1 [1420, 392] [-45, 33]
-143.74616226255523

auto_1 [62, 1103] [-70, -65]
137.12109639666144

manual_2 [15, 827] [62, 53]
-40.5251034937539

auto_2 [664, 619] [-18, -4]
167.47119229084848

object_1 [838, 550] [-48, 41]
-139.49715161466776

object_2 [362, 479] [-1, -82]
90.69869438298348

object_3 [777, 1291] [63, 27]
-23.19859051364819

object_4 [1487, 864] [-43, -25]
149.82647997035568

object_5 [960, 95] [-34, -55]
121.72360295768402

object_6 [1316, 703] [-35, -63]
119.05460409907714

object_7 [304, 621] [-15, 75]
-101.30993247402021

object_8 [1121, 151] [58, 41]
-35.25635871296284

object_9 [611, 75] [77, 3]
-2.231174608031251

object_10 [145, 1328] [68, -25]
20.18580300946485

object_11 [345, 1328] [29, -32]
47.81555668421123

object_12 [47, 678] [-32, 41]
-127.9716037610504

object_13 [1385, 780] [17, 86]
-78.81824578980333

object_14 [135, 1177] [-89, -56]
147.8213437933989

object_15 [783, 1351] [85, -24]
15.76718254247568

object_16 [1008, 571] [41, 19]
-24.863696571751866

object_17 [121, 1051] [-14, -73]
100.85641334806225

object_18 [1014, 1071] [-22, -22]
135.0

object_19 [640, 863] [-57, 14]
-166.20051460398062

object_20 [1211, 1106] [-48, -48]
135.0

object_21 [270, 1265] [-17, 53]
-107.78388844269253

object_22 [1335, 412] [-31, -16]
152.7004277886672

object_23 [72, 298] [1, -80]
89.28384005452959

object_24 [1193, 1195] [-43, 31]
-144.21102654081668

manual_1 [1449, 1091] [65, -60]
42.70938995736147

auto_1 [390, 1381] [9, 86]
-84.02567671351939

manual_2 [38, 1173] [5, -64]
85.53284093861072

auto_2 [1377, 700] [44, 50]
-48.65222278030633

object_1 [765, 294] [-20, 71]
-105.7320047851073

object_2 [998, 70] [88, 35]
-21.689064964615802

object_3 [137, 1019] [4, -83]
87.24089234137973

object_4 [573, 186] [-72, 20]
-164.47588900324575

object_5 [214, 12] [-88, -61]
145.2710037204791

object_6 [110, 1236] [-20, 52]
-111.03751102542182

object_7 [1489, 1092] [-33, 39]
-130.2363583092738

object_8 [251, 732] [84, -69]
39.40066066347943

object_9 [716, 684] [-25, 64]
-111.33685929180565

object_10 [939, 636] [-81, 44]
-151.48875370589127

object_11 [316, 1497] [31, -26]
39.98688624496419

object_12 [376, 1297] [36, 70]
-62.78388844269253

object_13 [45, 1182] [-59, -3]
177.08916217383225

object_14 [697, 1265] [-71, 41]
-149.995079129176

object_15 [791, 576] [85, 38]
-24.087452308632294

object_16 [618, 839] [-64, -72]
131.63353933657018

object_17 [562, 1294] [-24, -72]
108.43494882292202

object_18 [27, 1142] [-69, 54]
-141.95295746817393

object_19 [1177, 587] [-71, 77]
-132.67846941016728

object_20 [746, 1394] [-32, 21]
-146.72511201516508

object_21 [496, 671] [-71, -21]
163.52311860631204

object_22 [850, 627] [-16, -75]
102.04257514288498

object_23 [1223, 710] [-80, -21]
165.29169610031724

object_24 [292, 1051] [-39, 75]
-117.47443162627712

manual_1 [536, 188] [-46, 9]
-168.92979742206063

auto_1 [295, 772] [87, -41]
25.23283132320835

manual_2 [717, 357] [-23, 65]
-109.48612957246577

auto_2 [1418, 1415] [-42, 79]
-117.99714736124265

object_1 [302, 799] [-45, -20]
156.03751102542182

object_2 [582, 841] [6, -14]
66.80140948635182

object_3 [568, 97] [-4, 17]
-103.2405199151872

object_4 [31, 595] [-3, 18]
-99.46232220802563

object_5 [845, 1140] [-68, 24]
-160.55996517182382

object_6 [1151, 308] [50, -76]
56.659292653523

object_7 [1179, 670] [16, -24]
56.309932474020215

object_8 [714, 559] [53, 36]
-34.18612248637504

object_9 [192, 81] [74, -32]
23.385221057213755

object_10 [431, 1224] [-43, -32]
143.3438915840331

object_11 [807, 1479] [0, -26]
90.0

object_12 [954, 95] [7, -7]
45.0

object_13 [491, 1241] [-74, 68]
-137.41950921665634

object_14 [955, 746] [59, 48]
-39.130399556985296

object_15 [910, 353] [27, -26]
43.91907581333932

object_16 [649, 1472] [-71, 35]
-153.75865034784223

object_17 [369, 481] [-7, -82]
94.87927378300672

object_18 [311, 165] [23, 73]
-72.51200262385146

object_19 [485, 1025] [-22, 68]
-107.92791976200724

object_20 [1332, 1045] [-50, -69]
125.92850242282285

object_21 [574, 555] [58, -26]
24.145541960421653

object_22 [1468, 1442] [-41, 19]
-155.13630342824814

object_23 [1203, 47] [-15, 24]
-122.0053832080835

object_24 [1351, 1480] [-90, 83]
-137.31706238587134

manual_1 [333, 709] [-82, -47]
150.17992743452623

auto_1 [1470, 815] [64, 29]
-24.37646861667477

manual_2 [1359, 1489] [-82, -42]
152.87869659584135

auto_2 [1084, 638] [1, 85]
-89.32596310201549

object_1 [1002, 388] [-21, 59]
-109.59228189105153

object_2 [164, 716] [-77, -73]
136.52752544221295

object_3 [1458, 1007] [-32, 0]
-180.0

object_4 [11, 1254] [-61, 64]
-133.62516521943058

object_5 [1053, 409] [-22, -58]
110.77225468204583

object_6 [721, 965] [-63, 74]
-130.40945681439396

object_7 [1233, 412] [85, -90]
46.63657704161672

object_8 [236, 296] [-78, -75]
136.12330271407544

object_9 [1396, 1350] [-75, -14]
169.4264765814391

object_10 [1300, 623] [-33, 24]
-143.9726266148964

object_11 [1475, 43] [31, -45]
55.43747535111818

object_12 [356, 489] [-4, -21]
100.78429786756261

object_13 [83, 1262] [52, -77]
55.96787218266168

object_14 [474, 205] [-50, -35]
145.00797980144134

object_15 [383, 877] [-85, 11]
-172.6262336386698

object_16 [1107, 1231] [-41, -32]
142.02839623894963

object_17 [938, 1187] [53, 0]
0.0

object_18 [396, 648] [-79, -52]
146.6459742484832

object_19 [712, 932] [-50, -34]
145.7842978675626

object_20 [618, 892] [-7, -47]
98.47114463301483

object_21 [1330, 19] [39, 42]
-47.12109639666146

object_22 [309, 1353] [66, 0]
0.0

object_23 [778, 428] [-1, -2]
116.56505117707799

object_24 [660, 656] [38, -15]
21.54097591853844

manual_1 [460, 869] [-57, 36]
-147.72435568542238

auto_1 [85, 1445] [-72, 16]
-167.47119229084848

manual_2 [1111, 446] [-38, 74]
-117.18111108547723

auto_2 [1296, 113] [-28, 18]
-147.2647737278924

object_1 [1191, 106] [90, -19]
11.92073853992231

object_2 [1102, 458] [7, 23]
-73.07248693585295

object_3 [1307, 1485] [17, -22]
52.30575953331083

object_4 [967, 949] [61, -37]
31.23921488820876

object_5 [253, 369] [-5, 28]
-100.12467165539782

object_6 [667, 446] [14, -31]
65.69545073406329

object_7 [606, 789] [-60, -17]
164.18080605249986

object_8 [692, 825] [76, -22]
16.14433878028348

object_9 [1232, 261] [-89, -42]
154.7369014955009

object_10 [15, 690] [34, -64]
62.02052561151985

object_11 [1150, 445] [74, -71]
43.814739181377604

object_12 [900, 888] [6, 52]
-83.418055344822

object_13 [387, 1258] [64, 68]
-46.73570458892839

object_14 [667, 302] [66, -19]
16.059987307160643

object_15 [442, 361] [-43, -43]
135.0

object_16 [1391, 89] [56, -77]
53.97262661489639

object_17 [1202, 703] [40, 8]
-11.309932474020213

object_18 [1131, 1122] [-9, 72]
-97.1250163489018

object_19 [481, 251] [60, 90]
-56.309932474020215

object_20 [824, 459] [56, 34]
-31.26373169437743

object_21 [1282, 1035] [51, -31]
31.293038995920195

object_22 [755, 1343] [-12, -48]
104.03624346792648

object_23 [1499, 301] [28, 86]
-71.96571443287014

object_24 [1191, 1159] [9, -5]
29.054604099077146

manual_1 [88, 60] [-16, -28]
119.74488129694222

auto_1 [514, 635] [-75, 39]
-152.52556837372288

manual_2 [924, 207] [-6, 78]
-94.39870535499554

auto_2 [853, 923] [13, 8]
-31.6075022462489

object_1 [1313, 1396] [61, -47]
37.61395684873273

object_2 [230, 1454] [-1, -13]
94.39870535499554

object_3 [165, 1142] [-48, 27]
-150.64224645720873

object_4 [168, 1217] [-46, -65]
125.28674897505974

object_5 [1120, 949] [19, -70]
74.81416273779868

object_6 [152, 1317] [10, -10]
45.0

object_7 [847, 176] [62, -69]
48.058697574095824

object_8 [294, 1461] [90, 1]
-0.6365935759634865

object_9 [561, 1294] [-6, -42]
98.13010235415598

object_10 [194, 1224] [65, -84]
52.266954405811695

object_11 [333, 784] [-26, -27]
133.91907581333933

object_12 [101, 1258] [-29, -47]
121.67546873810922

object_13 [611, 451] [-43, 52]
-129.58813084768298

object_14 [1335, 625] [42, -7]
9.462322208025617

object_15 [1344, 1396] [-85, 33]
-158.78203042322139

object_16 [1018, 318] [-36, -25]
145.22216863363613

object_17 [897, 1356] [-11, 71]
-98.80679269443532

object_18 [1484, 251] [-6, 72]
-94.76364169072617

object_19 [124, 111] [90, 10]
-6.34019174590991

object_20 [177, 849] [54, -40]
36.52885536698517

object_21 [1382, 890] [69, 18]
-14.620873988631656

object_22 [674, 405] [58, 11]
-10.738897100905442

object_23 [884, 596] [-59, -5]
175.15599962491933

object_24 [209, 280] [-37, -37]
135.0

manual_1 [1040, 955] [40, 35]
-41.18592516570965

auto_1 [1430, 510] [-40, 60]
-123.69006752597979

manual_2 [891, 499] [-12, 26]
-114.77514056883193

auto_2 [1223, 1120] [-43, -80]
118.25802961470689

object_1 [98, 671] [81, 37]
-24.55045238920742

object_2 [450, 1188] [-10, -88]
96.48307369289724

object_3 [825, 1449] [25, 49]
-62.96913974015701

object_4 [395, 59] [-37, 52]
-125.4333140102856

object_5 [956, 901] [-6, 59]
-95.80672690553158

object_6 [333, 261] [-63, -61]
135.9240453527727

object_7 [727, 803] [42, 31]
-36.430858120162355

object_8 [816, 473] [-21, -43]
116.02959219151346

object_9 [758, 1332] [-70, -26]
159.62356478616363

object_10 [1231, 31] [-22, 37]
-120.7354877019201

object_11 [145, 96] [-84, -70]
140.19442890773482

object_12 [727, 726] [13, -73]
79.90249561592472

object_13 [178, 433] [63, 64]
-45.451138546787284

object_14 [1006, 1094] [89, -7]
4.497151614667772

object_15 [1147, 733] [78, -74]
43.49256424122503

object_16 [627, 1045] [-58, -71]
129.24543466889781

object_17 [1135, 480] [74, 30]
-22.06789956241022

object_18 [1216, 1373] [21, 70]
-73.30075576600639

object_19 [126, 120] [-21, -82]
104.36458244969721

object_20 [374, 587] [-48, 35]
-143.90171603289198

object_21 [671, 820] [82, 37]
-24.28582515565129

object_22 [28, 779] [-36, -4]
173.6598082540901

object_23 [976, 405] [-86, 36]
-157.28558764683277

object_24 [403, 1] [15, 73]
-78.3885135761115

manual_1 [708, 945] [37, -31]
39.95754893082909

auto_1 [374, 854] [-73, 21]
-163.9509952074668

manual_2 [1435, 897] [53, -52]
44.45434240658428

auto_2 [1444, 1300] [-12, -4]
161.565051177078

object_1 [703, 1128] [42, 49]
-49.398705354995535

object_2 [9, 874] [88, -26]
16.460014812040036

object_3 [1334, 623] [17, 17]
-45.0

object_4 [931, 762] [39, 26]
-33.690067525979785

object_5 [1309, 138] [74, -18]
13.671307132195833

object_6 [203, 499] [37, -64]
59.96671956400486

object_7 [301, 748] [87, 15]
-9.782407031807287

object_8 [536, 1434] [74, -26]
19.35899417569472

object_9 [116, 1195] [59, -46]
37.94215335011892

object_10 [1125, 1110] [-72, -50]
145.22216863363613

object_11 [1010, 1437] [-39, -41]
133.56790381583536

object_12 [694, 372] [24, -72]
71.56505117707799

object_13 [276, 1015] [-53, -10]
169.31508759999727

object_14 [1241, 60] [46, 87]
-62.13299615034313

object_15 [945, 1371] [-89, 71]
-141.4187867302388

object_16 [1280, 119] [-40, -1]
178.56790381583536

object_17 [1044, 136] [-53, 74]
-125.61085243866876

object_18 [317, 1093] [-43, -58]
126.55247275209153

object_19 [1258, 753] [37, -22]
30.7354877019201

object_20 [199, 903] [3, 11]
-74.74488129694222

object_21 [1390, 682] [-88, -54]
148.46520809481171

object_22 [922, 1196] [-28, 16]
-150.25511870305778

object_23 [402, 61] [-9, 12]
-126.86989764584402

object_24 [1372, 1419] [2, -7]
74.05460409907715

manual_1 [810, 889] [-86, -90]
133.69804732742114

auto_1 [369, 790] [15, 80]
-79.38034472384487

manual_2 [1241, 1383] [79, -61]
37.673593339830454

auto_2 [104, 1312] [79, 76]
-43.891187872240074

object_1 [618, 992] [81, 40]
-26.281411021320174

object_2 [872, 797] [34, -74]
65.32313682966294

object_3 [1085, 397] [64, 8]
-7.125016348901798

object_4 [810, 760] [-28, 23]
-140.5993393365206

object_5 [934, 534] [-56, -21]
159.44395478041653

object_6 [1484, 24] [80, 27]
-18.649538754051406

object_7 [911, 12] [34, -48]
54.68878656036681

object_8 [640, 1145] [2, 83]
-88.61964592655556

object_9 [1010, 38] [61, 83]
-53.68635458123665

object_10 [308, 1334] [30, 85]
-70.5599651718238

object_11 [1240, 723] [0, 44]
-90.0

object_12 [259, 1439] [-15, 85]
-100.00797980144135

object_13 [1099, 435] [-66, -53]
141.23448009554124

object_14 [678, 439] [-74, -52]
144.9041832129739

object_15 [268, 165] [-2, -24]
94.76364169072617

object_16 [355, 587] [46, 0]
0.0

object_17 [742, 1345] [49, 80]
-58.51253063578603

object_18 [1290, 754] [-27, 88]
-107.05696557661706

object_19 [303, 1017] [76, 69]
-42.236142629087446

object_20 [950, 865] [40, 30]
-36.86989764584402

object_21 [1322, 271] [-19, -77]
103.86102756302115

object_22 [547, 285] [22, 74]
-73.44292862436335

object_23 [756, 488] [-50, -70]
125.53767779197437

object_24 [219, 334] [-64, 79]
-129.0118516242245

manual_1 [96, 1373] [84, -89]
46.6554865391193

auto_1 [1396, 835] [75, 78]
-46.12330271407543

manual_2 [744, 1321] [-89, 18]
-168.56631873457334

auto_2 [61, 1012] [-13, 7]
-151.69924423399362

object_1 [1421, 775] [61, -67]
47.683775159468986

object_2 [594, 1433] [2, 34]
-86.63353933657021

object_3 [491, 451] [45, 57]
-51.70983680775693

object_4 [966, 745] [-87, 31]
-160.38790629109593

object_5 [509, 1128] [-40, 19]
-154.59228189105156

object_6 [1092, 1179] [-84, 58]
-145.37584492005107

object_7 [1308, 183] [54, 69]
-51.95295746817391

object_8 [334, 680] [56, 47]
-40.00625601417661

object_9 [63, 1015] [-30, 21]
-145.00797980144134

object_10 [385, 654] [-41, -23]
150.70863782901574

object_11 [1244, 956] [71, -49]
34.611142184530394

object_12 [1291, 866] [-32, 16]
-153.434948822922

object_13 [979, 134] [41, -64]
57.35535986508352

object_14 [1413, 781] [80, 11]
-7.829076510059608

object_15 [872, 626] [-76, -25]
161.79151552941917

object_16 [1354, 1202] [-38, 45]
-130.17923392190735

object_17 [1462, 1203] [-49, 70]
-124.99202019855868

object_18 [1130, 1302] [38, -5]
7.49585763972986

object_19 [305, 505] [-76, -27]
160.44174846300257

object_20 [140, 645] [88, 52]
-30.579226872489016

object_21 [1307, 1171] [-6, -27]
102.52880770915151

object_22 [687, 755] [43, 75]
-60.17291534552527

object_23 [553, 39] [-42, 89]
-115.26309850449911

object_24 [199, 1081] [-62, -65]
133.64680804622031

manual_1 [1423, 1106] [39, -58]
56.08256946302965

auto_1 [656, 151] [28, -5]
10.124671655397817

manual_2 [255, 680] [-64, -13]
168.5180086452519

auto_2 [1284, 357] [-25, -64]
111.33685929180565

object_1 [482, 204] [-76, 56]
-143.61564818416412

object_2 [31, 843] [41, 88]
-65.01876039378395

object_3 [1229, 907] [-34, -43]
128.33334010909863

object_4 [960, 788] [-81, -76]
136.82408983237613

object_5 [603, 905] [34, 12]
-19.44003482817619

object_6 [1143, 429] [34, -88]
68.87528085392752

object_7 [577, 1472] [12, 19]
-57.724355685422374

object_8 [791, 96] [15, -38]
68.45902408146156

object_9 [877, 598] [-76, -63]
140.34305575857516

object_10 [1068, 1496] [19, 90]
-78.0792614600777

object_11 [1220, 697] [44, 83]
-62.0710212913191

object_12 [1362, 1184] [-3, -59]
92.91083782616775

object_13 [922, 1022] [54, 76]
-54.60520415501294

object_14 [1358, 1413] [68, -88]
52.30575953331083

object_15 [734, 1290] [25, 64]
-68.66314070819435

object_16 [1195, 1106] [41, -27]
33.36636600105956

object_17 [1475, 972] [-19, -50]
110.80679101271124

object_18 [1413, 532] [33, 11]
-18.43494882292201

object_19 [380, 1457] [56, 46]
-39.40066066347943

object_20 [1171, 678] [-51, 85]
-120.96375653207352

object_21 [204, 276] [-52, -17]
161.8962369654934

object_22 [1115, 1463] [-54, -40]
143.47114463301483

object_23 [577, 95] [63, -52]
39.53615718676336

object_24 [756, 964] [-7, 39]
-100.17551084304321

manual_1 [104, 434] [-63, 31]
-153.79988515865267

auto_1 [1146, 544] [-45, 62]
-125.9723870492849

manual_2 [1309, 198] [57, -34]
30.815705751729187

auto_2 [716, 1005] [47, 38]
-38.95590783775889

object_1 [444, 76] [11, 15]
-53.74616226255522

object_2 [1336, 247] [32, -76]
67.16634582208245

object_3 [1457, 429] [-29, 57]
-116.96571443287016

object_4 [380, 179] [-24, -68]
109.4400348281762

object_5 [364, 752] [-34, -37]
132.58049078334366

object_6 [719, 831] [-63, 84]
-126.86989764584402

object_7 [1494, 1113] [-54, 60]
-131.98721249581666

object_8 [884, 387] [-29, 65]
-114.04422326936782

object_9 [139, 1223] [37, 71]
-62.474774256255664

object_10 [94, 1238] [-4, 47]
-94.86451443776053

object_11 [9, 30] [60, -42]
34.99202019855866

object_12 [734, 1467] [-83, -79]
136.41442321140215

object_13 [1226, 916] [-90, -11]
173.03174325862145

object_14 [255, 1438] [-81, 40]
-153.71858897867983

object_15 [407, 677] [-84, 82]
-135.6902771978651

object_16 [74, 18] [-38, -12]
162.47443162627712

object_17 [861, 1348] [-23, 8]
-160.8209919741893

object_18 [812, 691] [-52, -15]
163.90918365114786

object_19 [577, 1221] [-73, 67]
-137.45403167452707

object_20 [1457, 1487] [7, 26]
-74.9315118405078

object_21 [702, 858] [48, 49]
-45.59065721464667

object_22 [801, 92] [29, -27]
42.954591511112774

object_23 [769, 285] [-29, 26]
-138.12213046211573

object_24 [790, 206] [3, -33]
84.8055710922652

manual_1 [815, 945] [46, -89]
62.667640507832324

auto_1 [514, 56] [63, -70]
48.01278750418334

manual_2 [105, 42] [37, -51]
54.03948280335512

auto_2 [913, 742] [81, -43]
27.96223220437437

object_1 [1422, 515] [68, 47]
-34.651315912004534

object_2 [1490, 713] [-69, 24]
-160.8209919741893

object_3 [198, 809] [-70, 26]
-159.62356478616363

object_4 [1368, 813] [-4, 33]
-96.91122711902469

object_5 [1156, 748] [31, -81]
69.05734945001174

object_6 [830, 1290] [55, -32]
30.19162296095761

object_7 [461, 1026] [-57, -1]
178.99491399474581

object_8 [35, 576] [69, 14]
-11.469530332866904

object_9 [761, 1479] [14, 60]
-76.86597769360368

object_10 [1282, 967] [-87, 4]
-177.36756513101352

object_11 [1328, 614] [-66, 86]
-127.50414236027015

object_12 [1241, 1272] [-63, -59]
136.87787744728536

object_13 [730, 835] [-44, -33]
143.13010235415598

object_14 [308, 1284] [35, -41]
49.513988458001265

object_15 [1006, 1156] [78, -36]
24.77514056883192

object_16 [585, 1306] [-20, 73]
-105.32151007486479

object_17 [40, 1083] [3, -31]
84.47245984834383

object_18 [483, 450] [41, 9]
-12.380756928807177

object_19 [1009, 131] [26, -51]
62.98733465206146

object_20 [616, 363] [58, 86]
-56.0035408517495

object_21 [1444, 1450] [-45, -19]
157.1094483437517

object_22 [708, 68] [-61, -47]
142.38604315126727

object_23 [1110, 879] [-39, 47]
-129.68545433005525

object_24 [239, 623] [67, 88]
-52.71567356354847

manual_1 [1247, 493] [-45, 46]
-134.37040139158972

auto_1 [299, 1203] [63, -17]
15.101098161385437

manual_2 [127, 18] [-90, -8]
174.92039213998544

auto_2 [1251, 585] [-55, -32]
149.8083770390424

object_1 [107, 594] [76, 68]
-41.82016988013577

object_2 [1003, 1198] [37, 75]
-63.74134044519272

object_3 [1239, 379] [79, -87]
47.75910765862027

object_4 [303, 969] [74, -56]
37.116860683270275

object_5 [536, 329] [-65, 6]
-174.72610404264825

object_6 [1350, 355] [-50, 23]
-155.29756977222868

object_7 [1191, 531] [9, 2]
-12.528807709151511

object_8 [1242, 499] [-64, -23]
160.23283132320836

object_9 [1072, 518] [84, -54]
32.7352262721076

object_10 [46, 564] [1, -79]
89.27477570094075

object_11 [698, 151] [-33, -57]
120.06858282186246

object_12 [716, 66] [-86, -25]
163.79097507219203

object_13 [839, 611] [11, -29]
69.22774531795417

object_14 [1333, 1107] [-74, 42]
-150.4221613187387

object_15 [1060, 407] [14, 6]
-23.19859051364819

object_16 [506, 1173] [17, 50]
-71.22196677755446

object_17 [867, 1405] [-36, -18]
153.434948822922

object_18 [371, 508] [84, 70]
-39.80557109226519

object_19 [1094, 925] [84, -60]
35.53767779197438

object_20 [596, 350] [38, -90]
67.10944834375167

object_21 [126, 12] [65, -6]
5.2738959573517645

object_22 [231, 559] [29, -81]
70.30137862541973

object_23 [464, 1163] [-19, -36]
117.82409638425325

object_24 [1281, 1039] [51, -27]
27.89727103094763

manual_1 [1475, 667] [-63, -56]
138.3664606634298

auto_1 [578, 1241] [-86, 68]
-141.66665989090137

manual_2 [144, 502] [-47, 46]
-135.61605990839925

auto_2 [192, 393] [78, -38]
25.974393962431318

object_1 [398, 387] [-89, -42]
154.7369014955009

object_2 [433, 1143] [-54, -22]
157.83365417791757

object_3 [405, 392] [-47, 68]
-124.65131591200453

object_4 [1284, 1] [23, -28]
50.59933933652057

object_5 [860, 1060] [-48, -36]
143.13010235415598

object_6 [143, 1350] [24, 46]
-62.447188423282206

object_7 [689, 6] [74, -83]
48.280880772609414

object_8 [548, 951] [-60, 43]
-144.3720927085791

object_9 [644, 48] [-11, -53]
101.72511201516508

object_10 [1334, 88] [13, -26]
63.43494882292201

object_11 [290, 1088] [-44, 9]
-168.43986920578223

object_12 [1200, 1401] [16, 29]
-61.1134182330893

object_13 [1125, 873] [82, -23]
15.66816042175249

object_14 [1267, 104] [-86, 7]
-175.3466484127316

object_15 [437, 1335] [16, 84]
-79.2157021324374

object_16 [1347, 576] [-26, 37]
-125.09581678702612

object_17 [1132, 488] [-14, 27]
-117.40757543781842

object_18 [48, 708] [-9, -46]
101.07020257793937

object_19 [1175, 521] [69, 70]
-45.41219274140232

object_20 [1130, 170] [-37, -45]
129.42780219603623

object_21 [826, 1119] [16, 76]
-78.11134196037202

object_22 [118, 694] [-2, -50]
92.29061004263853

object_23 [661, 748] [-35, 49]
-125.53767779197437

object_24 [18, 967] [53, -65]
50.806726905531576

manual_1 [978, 969] [-86, -51]
149.33107335028507

auto_1 [1036, 1342] [7, -74]
84.59620863975029

manual_2 [173, 958] [89, -89]
45.0

auto_2 [889, 339] [-51, 22]
-156.66595872329023

object_1 [226, 4] [64, -77]
50.26769712804423

object_2 [205, 1183] [35, 87]
-68.08513367280827

object_3 [1403, 1146] [-67, -29]
156.5953104489677

object_4 [1305, 1190] [39, -82]
64.56378361958265

object_5 [85, 1250] [-53, 46]
-139.04448557418112

object_6 [1489, 50] [78, -5]
3.667788055531429

object_7 [791, 367] [-72, 82]
-131.28471089457122

object_8 [634, 1419] [26, 27]
-46.08092418666069

object_9 [1026, 604] [55, 74]
-53.37867250621557

object_10 [1004, 719] [46, -49]
46.808739322492066

object_11 [675, 998] [20, 55]
-70.01689347810003

object_12 [189, 1072] [29, -52]
60.85192815428696

object_13 [1413, 688] [36, -46]
51.95295746817391

object_14 [17, 46] [-46, 53]
-130.9555144258189

object_15 [120, 1261] [33, 51]
-57.094757077012105

object_16 [94, 91] [-73, 71]
-135.79572355273928

object_17 [143, 39] [-40, 54]
-126.52885536698517

object_18 [924, 445] [38, 51]
-53.3102771675242

object_19 [765, 392] [-16, 48]
-108.43494882292202

object_20 [692, 1441] [55, -84]
56.7847485062628

object_21 [520, 749] [88, -72]
39.28940686250036

object_22 [598, 1193] [69, -33]
25.559965171823812

object_23 [1299, 676] [65, 17]
-14.656751115760423

object_24 [1419, 187] [71, -13]
10.375844920051051

manual_1 [174, 698] [-20, -39]
117.14968169778317

auto_1 [786, 1152] [-66, 42]
-147.52880770915152

manual_2 [578, 1076] [11, -27]
67.83365417791754

auto_2 [1417, 322] [84, 84]
-45.0

object_1 [187, 533] [26, -77]
71.34211152588047

object_2 [610, 774] [43, -31]
35.78897345918333

object_3 [460, 201] [66, -39]
30.579226872489016

object_4 [1107, 468] [16, -3]
10.619655276155134

object_5 [1454, 1014] [18, -24]
53.13010235415598

object_6 [538, 1012] [-8, 23]
-109.17900802581072

object_7 [1021, 73] [-7, -36]
101.0035408517495

object_8 [810, 1013] [44, -40]
42.27368900609374

object_9 [120, 261] [-90, 10]
-173.6598082540901

object_10 [581, 298] [-86, 46]
-151.8583987677383

object_11 [1028, 14] [-66, 88]
-126.86989764584402

object_12 [259, 84] [-81, -67]
140.40379136024973

object_13 [799, 125] [88, -7]
4.548042409125415

object_14 [801, 552] [56, -40]
35.53767779197438

object_15 [649, 528] [-27, -68]
111.6559890384225

object_16 [276, 366] [75, -28]
20.472279519741925

object_17 [1262, 1388] [69, -19]
15.39554925399509

object_18 [1, 150] [82, 74]
-42.06432655357883

object_19 [1050, 837] [50, -85]
59.53445508054013

object_20 [954, 1197] [-52, 25]
-154.3231843181618

object_21 [1006, 17] [-30, 86]
-109.23067237566129

object_22 [1391, 623] [-15, 45]
-108.43494882292202

object_23 [1376, 233] [-33, -81]
112.16634582208246

object_24 [180, 852] [-70, 0]
-180.0

manual_1 [1088, 1394] [60, 14]
-13.134022306396323

auto_1 [602, 192] [-47, -26]
151.0490047925332

manual_2 [1278, 1371] [46, -49]
46.808739322492066

auto_2 [237, 1061] [-4, 78]
-92.93567344642118

object_1 [1218, 1382] [-68, -65]
136.29216688624993

object_2 [21, 681] [-40, -4]
174.28940686250036

object_3 [56, 107] [-28, -17]
148.73626830562256

object_4 [1042, 27] [-11, -52]
101.94417718844633

object_5 [1135, 811] [62, -85]
53.89254870824813

object_6 [1396, 140] [-5, -48]
95.9468630539735

object_7 [1443, 1494] [-73, 8]
-173.74596725608353

object_8 [1176, 616] [54, -3]
3.1798301198642345

object_9 [896, 695] [64, -77]
50.26769712804423

object_10 [1297, 613] [-47, -90]
117.57456395969437

object_11 [1350, 1465] [-11, 78]
-98.02723751043196

object_12 [1278, 574] [35, -83]
67.13549187810035

object_13 [1209, 240] [-29, -21]
144.09027692082233

object_14 [43, 899] [21, 67]
-72.59729586864373

object_15 [366, 1059] [37, 32]
-40.85537625889571

object_16 [747, 902] [28, -37]
52.88313931672973

object_17 [1336, 372] [-37, -55]
123.92979742206063

object_18 [114, 889] [-35, -80]
113.62937773065681

object_19 [381, 56] [35, -69]
63.10376303450663

object_20 [122, 789] [-79, 2]
-178.54978370906656

object_21 [698, 1131] [85, -33]
21.21796957677863

object_22 [380, 1220] [16, -48]
71.56505117707799

object_23 [1281, 119] [81, 34]
-22.770378908762215

object_24 [421, 905] [5, -73]
86.08175113593262

manual_1 [728, 245] [46, 11]
-13.448615051686517

auto_1 [1336, 1494] [61, 45]
-36.41637851988605

manual_2 [15, 1482] [61, 75]
-50.877392606643134

auto_2 [1099, 829] [-17, -48]
109.50244850666223

object_1 [13, 415] [66, 50]
-37.14668669802178

object_2 [1396, 845] [-88, 61]
-145.2710037204791

object_3 [1211, 831] [-17, 83]
-101.5751888173962

object_4 [34, 597] [-79, 60]
-142.7835595264654

object_5 [1353, 870] [-81, 44]
-151.48875370589127

object_6 [1287, 781] [-25, -89]
105.68999292908387

object_7 [448, 1087] [40, 65]
-58.3924977537511

object_8 [1377, 1087] [-2, -21]
95.44033203100551

object_9 [517, 193] [-6, 71]
-94.83041995828995

object_10 [130, 450] [-62, -54]
138.94518622903757

object_11 [102, 1088] [-15, -66]
102.80426606528675

object_12 [197, 1295] [-76, 20]
-165.25643716352928

object_13 [1333, 1495] [65, -45]
34.69515353123397

object_14 [1156, 221] [19, 56]
-71.25865955480728

object_15 [1413, 1160] [26, -72]
70.14478563067895

object_16 [56, 1405] [57, 25]
-23.682087724538448

object_17 [1328, 36] [-8, 72]
-96.3401917459099

object_18 [224, 1117] [-81, -74]
137.5857943424245

object_19 [692, 537] [6, 45]
-82.40535663140857

object_20 [32, 1113] [-70, 61]
-138.9301755457255

object_21 [976, 1407] [35, -75]
64.98310652189998

object_22 [285, 1205] [24, 15]
-32.005383208083494

object_23 [764, 569] [58, 3]
-2.96093613416375

object_24 [1283, 943] [-11, 84]
-97.46056612616835

manual_1 [442, 206] [-67, -1]
179.1449026037333

auto_1 [704, 857] [-10, -21]
115.46334506187162

manual_2 [892, 703] [12, 79]
-81.36286858492926

auto_2 [1431, 51] [33, 74]
-65.96571184055742

object_1 [1301, 1266] [55, -33]
30.96375653207352

object_2 [751, 298] [-73, -56]
142.50734666694967

object_3 [914, 310] [7, 25]
-74.35775354279127

object_4 [1495, 940] [42, 24]
-29.74488129694222

object_5 [27, 1064] [-64, -29]
155.62353138332523

object_6 [1106, 1307] [78, 19]
-13.690049617465514

object_7 [1486, 1158] [-47, -27]
150.12400730831058

object_8 [1230, 1170] [-60, -51]
139.63546342690265

object_9 [55, 463] [-2, 37]
-93.09405805891711

object_10 [116, 95] [-88, -49]
150.8901444431089

object_11 [590, 631] [86, -89]
45.98211716322419

object_12 [858, 735] [31, 87]
-70.38790629109593

object_13 [673, 597] [31, 79]
-68.57470620191262

object_14 [1416, 56] [10, -34]
73.61045966596522

object_15 [64, 271] [-1, -65]
90.88140399658214

object_16 [1450, 522] [12, 50]
-76.50426671920418

object_17 [341, 1324] [-8, -67]
96.80905017961341

object_18 [1393, 574] [-40, -22]
151.18920625702694

object_19 [1249, 271] [-73, 28]
-159.01510216411782

object_20 [319, 752] [-68, 89]
-127.38145351243105

object_21 [1001, 505] [-84, -77]
137.48955292199918

object_22 [84, 430] [-2, -90]
91.27303002005671

object_23 [1262, 228] [72, 46]
-32.57405713457251

object_24 [1491, 636] [77, -46]
30.85420450589701

manual_1 [1140, 763] [43, 43]
-45.0

auto_1 [1338, 1285] [-43, -30]
145.0975043840753

manual_2 [83, 749] [26, 19]
-36.15818543980833

auto_2 [1481, 358] [-6, -49]
96.9810574068298

object_1 [124, 349] [90, -65]
35.83765295427829

object_2 [453, 1080] [42, 9]
-12.094757077012101

object_3 [1146, 431] [-72, -2]
178.40885972880542

object_4 [78, 805] [-4, -7]
119.74488129694222

object_5 [1480, 387] [-36, -18]
153.434948822922

object_6 [1335, 1097] [4, 75]
-86.94711748520757

object_7 [1426, 513] [-6, -43]
97.94347181059041

object_8 [428, 26] [-46, -81]
119.59229635935799

object_9 [327, 1311] [-76, 17]
-167.39139320663378

object_10 [955, 266] [-86, 14]
-170.75388725443676

object_11 [1090, 1352] [68, 83]
-50.67302213992532

object_12 [1141, 992] [48, 71]
-55.939091183192154

object_13 [1366, 339] [87, 33]
-20.77225468204583

object_14 [628, 947] [25, 30]
-50.19442890773481

object_15 [657, 194] [-26, 67]
-111.2092261342228

object_16 [1204, 1452] [16, 82]
-78.95905981967627

object_17 [1034, 1081] [8, 42]
-79.2157021324374

object_18 [455, 505] [-85, 72]
-139.7334383305755

object_19 [1045, 843] [89, 70]
-38.18564711059025

object_20 [1260, 970] [-90, 75]
-140.19442890773482

object_21 [746, 686] [-70, 85]
-129.47245984834385

object_22 [914, 487] [-58, -47]
140.98059952476345

object_23 [260, 282] [6, -82]
85.8150838748816

object_24 [764, 1327] [34, -67]
63.09390654406316

manual_1 [1337, 1462] [-47, 66]
-125.45547443444187

auto_1 [517, 11] [88, 3]
-1.9525090493996085

manual_2 [1054, 1179] [71, -78]
47.689770323150476

auto_2 [540, 1121] [70, -42]
30.96375653207352

object_1 [519, 16] [26, 90]
-73.88658176691071

object_2 [1478, 603] [88, 67]
-37.28432643645153

object_3 [879, 13] [7, -39]
79.8244891569568

object_4 [934, 646] [-76, -7]
174.7376046004049

object_5 [971, 893] [-81, 54]
-146.30993247402023

object_6 [975, 1032] [-72, -46]
147.4259428654275

object_7 [132, 928] [77, 47]
-31.39945748334126

object_8 [1076, 1147] [5, -21]
76.6075022462489

object_9 [1406, 58] [-13, -58]
102.63336193527502

object_10 [399, 1428] [10, 63]
-80.98067756861832

object_11 [353, 1226] [12, -85]
81.96428928946521

object_12 [1236, 1016] [79, -83]
46.41442321140215

object_13 [1304, 1009] [-58, -23]
158.3691131634821

object_14 [506, 1145] [27, -68]
68.34401096157751

object_15 [330, 846] [68, 2]
-1.6846843178962914

object_16 [1165, 157] [-67, 39]
-149.79676224505735

object_17 [1069, 452] [-24, -30]
128.6598082540901

object_18 [1374, 390] [-26, 53]
-116.13100054493859

object_19 [360, 348] [74, 61]
-39.499588529798096

object_20 [1348, 511] [-53, -85]
121.94475277620342

object_21 [814, 693] [-50, 82]
-121.37300514010845

object_22 [373, 144] [21, 78]
-74.9315118405078

object_23 [544, 1415] [-1, -10]
95.71059313749964

object_24 [767, 960] [9, 31]
-73.81079374297306

manual_1 [1071, 1289] [71, -20]
15.732004785107302

auto_1 [1078, 1200] [53, -21]
21.61477894278625

manual_2 [320, 1229] [83, 64]
-37.635253755017345

auto_2 [1171, 686] [66, -19]
16.059987307160643

object_1 [170, 644] [8, 62]
-82.64762064010765

object_2 [376, 1200] [-29, -2]
176.05481377096245

object_3 [1472, 354] [66, -46]
34.87532834460218

object_4 [191, 386] [10, 33]
-73.14160123226172

object_5 [1320, 755] [-58, -42]
144.09027692082233

object_6 [541, 1169] [78, -76]
44.25594079711129

object_7 [1410, 1010] [0, 12]
-90.0

object_8 [604, 1470] [-60, -1]
179.0451587461278

object_9 [721, 611] [41, -35]
40.48601154199874

object_10 [948, 1418] [18, 84]
-77.9052429229879

object_11 [316, 405] [68, -44]
32.9052429229879

object_12 [395, 637] [-4, 32]
-97.1250163489018

object_13 [2, 181] [-30, -43]
124.90249561592474

object_14 [177, 870] [37, -22]
30.7354877019201

object_15 [135, 1298] [63, 15]
-13.392497753751098

object_16 [861, 741] [-14, -68]
101.63363399894044

object_17 [42, 446] [7, 1]
-8.13010235415598

object_18 [77, 235] [-48, 87]
-118.88658176691071

object_19 [440, 23] [13, 1]
-4.398705354995532

object_20 [454, 981] [-52, -15]
163.90918365114786

object_21 [57, 1324] [35, 71]
-63.758650347842234

object_22 [692, 1418] [10, -58]
80.21759296819272

object_23 [82, 93] [12, -7]
30.256437163529263

object_24 [47, 1437] [-24, 45]
-118.07248693585296

manual_1 [761, 1456] [-85, 69]
-140.93152692491978

auto_1 [207, 522] [23, -19]
39.559667968994496

manual_2 [386, 824] [-22, 72]
-106.99082329198617

auto_2 [91, 738] [-21, 23]
-132.3974377975002

object_1 [1279, 1150] [-33, 51]
-122.90524292298791

object_2 [826, 924] [77, 81]
-46.450216290933426

object_3 [587, 479] [58, 14]
-13.570434385161485

object_4 [1052, 854] [17, -57]
73.39301942138299

object_5 [626, 1296] [23, 70]
-71.81095430034868

object_6 [1301, 861] [3, 78]
-87.7974018382342

object_7 [649, 696] [20, -31]
57.171458208587474

object_8 [548, 730] [-25, -5]
168.6900675259798

object_9 [249, 1134] [-60, -73]
129.41739424346892

object_10 [557, 1165] [-52, -15]
163.90918365114786

object_11 [867, 1368] [-76, 88]
-130.8150838748816

object_12 [1477, 63] [-51, -73]
124.93931020467703

object_13 [238, 1104] [-11, 49]
-102.65255650055798

object_14 [472, 17] [69, -69]
45.0

object_15 [452, 112] [-34, 43]
-128.33334010909863

object_16 [118, 1239] [35, -6]
9.727578551401603

object_17 [612, 962] [-63, -42]
146.30993247402023

object_18 [59, 651] [-31, -78]
111.67464911902414

object_19 [479, 345] [23, -72]
72.28420729362307

object_20 [975, 1173] [2, -89]
88.71267105847497

object_21 [1456, 899] [71, -9]
7.224315694045337

object_22 [254, 898] [79, -82]
46.06749968374021

object_23 [3, 264] [36, 36]
-45.0

object_24 [21, 443] [86, 25]
-16.20902492780798

manual_1 [993, 1443] [44, 49]
-48.07745539942438

auto_1 [414, 625] [88, 22]
-14.036243467926479

manual_2 [155, 546] [4, -11]
70.01689347810003

auto_2 [644, 1001] [12, -18]
56.309932474020215

object_1 [1180, 792] [59, 86]
-55.54806541814213

object_2 [1240, 1258] [67, 18]
-15.037815903582251

object_3 [878, 1025] [53, -20]
20.67442476087389

object_4 [903, 156] [-89, 5]
-176.7845160082518

object_5 [978, 949] [67, -29]
23.404689551032316

object_6 [503, 567] [38, -87]
66.40517943011854

object_7 [951, 1303] [87, 46]
-27.867003849656864

object_8 [743, 118] [-29, -67]
113.40468955103232

object_9 [1497, 1325] [-88, -53]
148.94059117029002

object_10 [377, 731] [-33, -84]
111.44773632710536

object_11 [171, 174] [43, -59]
53.91492695714787

object_12 [17, 927] [-33, 51]
-122.90524292298791

object_13 [751, 950] [51, -44]
40.78582147726596

object_14 [221, 471] [12, -44]
74.74488129694222

object_15 [877, 1368] [63, -53]
40.072890052350985

object_16 [1144, 674] [25, 19]
-37.23483398157467

object_17 [988, 122] [-8, -72]
96.3401917459099

object_18 [935, 1274] [78, -30]
21.037511025421818

object_19 [687, 1243] [31, -85]
69.96278983080701

object_20 [789, 431] [59, 90]
-56.75293225066415

object_21 [1062, 722] [-79, -44]
150.8838537339211

object_22 [783, 791] [89, 24]
-15.091572678594877

object_23 [1285, 1294] [60, 5]
-4.763641690726178

object_24 [1278, 983] [90, -80]
41.6335393365702

manual_1 [149, 965] [-27, 3]
-173.6598082540901

auto_1 [1048, 496] [-73, -67]
137.45403167452707

manual_2 [18, 1061] [72, 2]
-1.5911402711945872

auto_2 [1175, 18] [59, -49]
39.70991879462873

object_1 [589, 1363] [-23, -14]
148.67130713219584

object_2 [802, 254] [74, -36]
25.942295489871672

object_3 [414, 435] [-81, -28]
160.93080646265187

object_4 [948, 554] [26, 11]
-22.932100437589785

object_5 [1084, 724] [-35, 89]
-111.467651439099

object_6 [977, 212] [-68, 70]
-134.169684513742

object_7 [305, 12] [-82, -55]
146.1489896964418

object_8 [55, 861] [47, 83]
-60.47863816541836

object_9 [1282, 1051] [-89, 20]
-167.33493623495764

object_10 [510, 592] [-66, 76]
-130.97173633351485

object_11 [1459, 6] [-18, 33]
-118.61045966596521

object_12 [989, 1486] [55, 22]
-21.80140948635181

object_13 [466, 187] [-37, -66]
119.27525427725259

object_14 [1393, 1419] [3, 84]
-87.95459151111278

object_15 [760, 607] [-87, -69]
141.581944655178

object_16 [328, 329] [-41, 60]
-124.34609740006152

object_17 [1269, 92] [-16, 84]
-100.78429786756261

object_18 [1347, 417] [22, -32]
55.4914770123316

object_19 [172, 394] [-81, 40]
-153.71858897867983

object_20 [1365, 277] [20, -33]
58.781597235653635

object_21 [891, 488] [-88, -3]
178.0474909506004

object_22 [980, 846] [-47, 22]
-154.9164059938091

object_23 [1089, 234] [-89, 54]
-148.75307058652305

object_24 [142, 502] [59, 3]
-2.9108378261677537

